Example Training Input (current state):
tensor([[0, 0, 0, 0, 0, 0, 0, 0, 0, 0, 0, 0],
        [0, 0, 0, 0, 0, 0, 0, 0, 0, 0, 1, 0],
        [0, 0, 0, 0, 0, 0, 0, 0, 0, 1, 1, 0],
        [0, 0, 0, 0, 0, 2, 1, 0, 0, 1, 1, 0],
        [0, 1, 4, 1, 1, 1, 4, 1, 1, 1, 2, 0],
        [0, 5, 1, 1, 4, 1, 1, 1, 1, 1, 1, 0],
        [0, 1, 0, 0, 0, 0, 0, 0, 0, 1, 1, 0],
        [0, 1, 0, 0, 0, 0, 0, 0, 1, 1, 1, 0],
        [0, 0, 0, 0, 0, 0, 0, 0, 2, 1, 1, 0],
        [0, 0, 0, 0, 0, 0, 0, 1, 1, 4, 1, 0],
        [0, 0, 0, 0, 0, 0, 0, 1, 2, 1, 1, 0],
        [0, 0, 0, 0, 0, 0, 0, 0, 0, 0, 0, 0]], device='cuda:0')
Example Training Condition (final goal):
tensor([[0, 0, 0, 0, 0, 0, 0, 0, 0, 0, 0, 0],
        [0, 0, 0, 0, 0, 0, 0, 0, 0, 0, 1, 0],
        [0, 0, 0, 0, 0, 0, 0, 0, 0, 1, 1, 0],
        [0, 0, 0, 0, 0, 3, 1, 0, 0, 1, 1, 0],
        [0, 1, 1, 1, 1, 5, 1, 1, 1, 1, 3, 0],
        [0, 1, 1, 1, 1, 1, 1, 1, 1, 1, 1, 0],
        [0, 1, 0, 0, 0, 0, 0, 0, 0, 1, 1, 0],
        [0, 1, 0, 0, 0, 0, 0, 0, 1, 1, 1, 0],
        [0, 0, 0, 0, 0, 0, 0, 0, 3, 1, 1, 0],
        [0, 0, 0, 0, 0, 0, 0, 1, 1, 1, 1, 0],
        [0, 0, 0, 0, 0, 0, 0, 1, 3, 1, 1, 0],
        [0, 0, 0, 0, 0, 0, 0, 0, 0, 0, 0, 0]], device='cuda:0')
Example Training Target (midpoint):
tensor([[0, 0, 0, 0, 0, 0, 0, 0, 0, 0, 0, 0],
        [0, 0, 0, 0, 0, 0, 0, 0, 0, 0, 1, 0],
        [0, 0, 0, 0, 0, 0, 0, 0, 0, 1, 1, 0],
        [0, 0, 0, 0, 0, 2, 1, 0, 0, 1, 1, 0],
        [0, 1, 1, 1, 4, 1, 4, 1, 1, 1, 2, 0],
        [0, 1, 1, 5, 4, 1, 1, 1, 1, 1, 1, 0],
        [0, 1, 0, 0, 0, 0, 0, 0, 0, 1, 1, 0],
        [0, 1, 0, 0, 0, 0, 0, 0, 1, 1, 1, 0],
        [0, 0, 0, 0, 0, 0, 0, 0, 2, 1, 1, 0],
        [0, 0, 0, 0, 0, 0, 0, 1, 1, 4, 1, 0],
        [0, 0, 0, 0, 0, 0, 0, 1, 2, 1, 1, 0],
        [0, 0, 0, 0, 0, 0, 0, 0, 0, 0, 0, 0]], device='cuda:0')
Example Validation Input (current state):
tensor([[0, 0, 0, 0, 0, 0, 0, 0, 0, 0, 0, 0],
        [0, 0, 0, 0, 0, 0, 0, 0, 0, 0, 1, 0],
        [0, 0, 0, 0, 0, 0, 1, 1, 1, 1, 2, 0],
        [0, 1, 1, 2, 1, 1, 0, 0, 1, 1, 1, 0],
        [0, 1, 1, 1, 1, 1, 1, 0, 1, 1, 1, 0],
        [0, 2, 1, 1, 1, 1, 4, 4, 4, 1, 1, 0],
        [0, 0, 1, 1, 3, 5, 1, 1, 1, 1, 0, 0],
        [0, 0, 0, 0, 1, 1, 1, 1, 0, 0, 0, 0],
        [0, 0, 0, 0, 0, 0, 1, 0, 0, 0, 0, 0],
        [0, 0, 0, 0, 0, 1, 1, 1, 0, 0, 0, 0],
        [0, 0, 0, 0, 0, 1, 1, 1, 0, 0, 0, 0],
        [0, 0, 0, 0, 0, 0, 0, 0, 0, 0, 0, 0]], device='cuda:0')
Example Validation Condition (final goal):
tensor([[0, 0, 0, 0, 0, 0, 0, 0, 0, 0, 0, 0],
        [0, 0, 0, 0, 0, 0, 0, 0, 0, 0, 1, 0],
        [0, 0, 0, 0, 0, 0, 1, 1, 1, 5, 3, 0],
        [0, 1, 1, 3, 1, 1, 0, 0, 1, 1, 1, 0],
        [0, 1, 1, 1, 1, 1, 1, 0, 1, 1, 1, 0],
        [0, 3, 1, 1, 1, 1, 1, 1, 1, 1, 1, 0],
        [0, 0, 1, 1, 3, 1, 1, 1, 1, 1, 0, 0],
        [0, 0, 0, 0, 1, 1, 1, 1, 0, 0, 0, 0],
        [0, 0, 0, 0, 0, 0, 1, 0, 0, 0, 0, 0],
        [0, 0, 0, 0, 0, 1, 1, 1, 0, 0, 0, 0],
        [0, 0, 0, 0, 0, 1, 1, 1, 0, 0, 0, 0],
        [0, 0, 0, 0, 0, 0, 0, 0, 0, 0, 0, 0]], device='cuda:0')
Example Validation Target (midpoint):
tensor([[0, 0, 0, 0, 0, 0, 0, 0, 0, 0, 0, 0],
        [0, 0, 0, 0, 0, 0, 0, 0, 0, 0, 1, 0],
        [0, 0, 0, 0, 0, 0, 1, 1, 1, 1, 2, 0],
        [0, 1, 1, 2, 1, 1, 0, 0, 1, 1, 1, 0],
        [0, 1, 1, 1, 1, 1, 1, 0, 4, 1, 1, 0],
        [0, 2, 1, 1, 1, 1, 4, 4, 5, 1, 1, 0],
        [0, 0, 1, 1, 3, 1, 1, 1, 1, 1, 0, 0],
        [0, 0, 0, 0, 1, 1, 1, 1, 0, 0, 0, 0],
        [0, 0, 0, 0, 0, 0, 1, 0, 0, 0, 0, 0],
        [0, 0, 0, 0, 0, 1, 1, 1, 0, 0, 0, 0],
        [0, 0, 0, 0, 0, 1, 1, 1, 0, 0, 0, 0],
        [0, 0, 0, 0, 0, 0, 0, 0, 0, 0, 0, 0]], device='cuda:0')
